Mach Virtual Memory Statistics: (page size of 16384 bytes)
    free   active   specul inactive throttle    wired  prgable   faults     copy    0fill reactive   purged file-backed anonymous cmprssed cmprssor  dcomprs   comprs  pageins  pageout  swapins swapouts
    3855    94062     1130    77755        0    92646        2  110567K   952736 27356205 28577053  4280327       56852    116095  1088406   213113 36816286 41856300  7018044    79534  2465887  2848586 
    4550    81087     1392    79162        0   103597        0     5123        0     1361     1967      441       57270    104371  1089230   212938     2284     3158      188        1      144        0 
    4865    93596     1531    76530        0    93175       34     3724       83     1827      551        5       57207    114450  1090059   212946     1092     1973      126        0       79        0 
    5363    77049     2066    75114        0   108608        1     8150      117     2981     8735      101       58256     95973  1093073   214347     2763     5941      744        2      208        0 
    4447    76294     2109    73194        0   110677        0     3535        0     1323     9461      449       58051     93546  1093471   215905     7305     7725       27        0      112        0 
    7667    73305     2127    69937        0   110552       28    15126      232     2623    11351      344       57197     88172  1099199   219008     7883    14248      843        3      270       32 
    4291    75774     5596    69527        0   108533        0    28058       75     4633     9617      604       62192     88705  1104344   218923     8529    13770     5973        0      431     2319 
    4143    74317     5778    67569        0   108460        4    18050      148     5675     3185       88       61754     85910  1109059   222336     3690     8449     4549       81      909        0 
    4469    72434     6486    65401        0   109254        0    18345      498     6254     7191      398       65634     78687  1119564   224453     3133    13666     8056        2      304     1822 
    3537    73852     5044    67611        0   108875        0    16015      152     3724    13246      555       75947     70560  1129754   223701     3083    13312    18808       18      224     3354 
    4166    74170     6206    67078        0   108937        0    39230      112     7014     6119        0       75369     72085  1129831   222161     3264     3352     1293        1      169     1600 
    3629    72137    10075    62205        0   118958      100    40689        5     5687    11847      389       66893     77524  1115190   215701    27474    14990     5423       11      399     3612 
    3691   104145     6531    67320        0    85963       19    13124      664     4745      424      892       63352    114644  1114145   214966     1466      532      246        8      128        0 
    4391    89791     6587    82569        0    84177        0     4828        0      747     1059      857       63448    115499  1112062   215129     2664     2988       63        0      256        0 
    4272    87771     6851    80243        0    87277        0     4828        0     2650     4313      433       63792    111073  1114876   216218     1911     4857      235        0      176        0 
   11768    69459     3282    67847        0   113401        0    14995     1265     3541     3927      266       57972     82616  1118473   216831     6797    10862     1112        0      128        0 
    4518    72876     4003    68361        0   118215       32    12748       71     7041       10     1246       58676     86564  1110974   214677     7714     1869     2360        4      110        0 
    3856    73311     4823    66219        0   119887        4     7983       48     3004     4368       32       53878     90475  1111035   214537     4333     4405      833        0      123      400 
    4279    93007     5314    77315        0    88556      253    15038        0     2280     5701      304       54367    121269  1100853   214174     5393     5132      555        1      543        0 
    4783    88961     5308    83199        0    86923        0     3134        0      942        0      569       54404    123064  1100773   213464     1640     1625       48        0       64        0 
    7853    82423     5325    79530        0    93991        0     1473        0     1063        0        0       54450    112828  1100462   213508      309        0       46        0       79        0 
Mach Virtual Memory Statistics: (page size of 16384 bytes)
    free   active   specul inactive throttle    wired  prgable   faults     copy    0fill reactive   purged file-backed anonymous cmprssed cmprssor  dcomprs   comprs  pageins  pageout  swapins swapouts
    6558    88323     5366    79789        0    89251       51  110843K   956206 27426233 28680125  4288300       54500    118978  1099757   213437 36919700 41989154  7069609    79666  2470775  2861725 
    5693    89939     5366    81054        0    87230       87     1277        0      787        0        0       54500    121859  1099470   213413      280        0        0        0       32        0 
    4003    89102     5519    83027        0    87230       87     1811        0      852        0        0       54689    122959  1098884   213731      555        0      115        0      431        0 
    3688    85677     4561    81085        0    94310      384     2296        0     1245        0       67       53756    117567  1098156   213237      725        0       11       20       48        0 
    4410    78239     2370    75274        0   109634        0     3334        0     1314        0        3       51589    104294  1097108   212761     1043        0       35       19       75        0 
    4341    78889      718    77533        0   109342        0     4141        5     1973        0      172       49937    107203  1095498   211819     1521        0       24       22       46        0 
Mach Virtual Memory Statistics: (page size of 16384 bytes)
    free   active   specul inactive throttle    wired  prgable   faults     copy    0fill reactive   purged file-backed anonymous cmprssed cmprssor  dcomprs   comprs  pageins  pageout  swapins swapouts
    9034    83085      677    71259        0   101801        2  111102K   959307 27508789 28737072  4295896       54751    100270  1101960   216814 37005156 42096027  7096170    79836  2479267  2863192 
    6436    74624      702    76545        0   108217      419     7263        0     1958        0        0       54781     97090  1099825   216213     2127        0       20        0       80        0 
    3500    74166     1804    71511        0   109776        0    42378        0     3222     5051      665       55540     91941  1095909   221106    25397    28999      787        0     7829      414 
    4381    80476     1975    77881        0    94414        0    20240      166     3782    11170       62       55754    104578  1100718   223553     7795    12619      705        0      382        0 
    3983    74466     2235    71615        0   107797      156    16646       90     3540    11755      161       54823     93493  1099798   222545     7799     6991      142        0      175     1788 
   10716    68628     2247    65713        0   116010       10    21250        0     3813     9223      629       54971     81617  1109644   219412     8363    18218      187        0      224     7993 
    5685    78763     2961    71495        0   109914      864    23070      336     5140     4121       38       54874     98345  1096975   213860    15688     3880      199        0      128     3367 
    4306    92575     2966    88231        0    83589      788     7973        0      938       20     1071       54891    128881  1089174   210998     5155        0       10        0      271        0 
    3929    92843     2933    89135        0    83223      433     2763        0      895        0      788       54861    130050  1087916   210676     1099        0        8        1      208        0 
    3953    92767     2655    89577        0    83169        0     2188        0      853       26      433       54582    130417  1087429   210531      807      471        0        0       96        0 
    4137    90706      877    90052        0    86308        0     3833        0     2499     1682        2       52839    128796  1087645   210618     1451     1675       22        0       80        0 
    4493    92587      340    90097        0    83957        0     3429        0     1713      825        6       52304    130720  1088666   211229      710     1799       14        0       95        0 
    4626    91249      225    90226        0    84920      388     2630        0     1540      346      540       51841    129859  1088673   211496      647      848       21        0      143        0 
    4571    70548      685    70134        0   121400      152    18803     1312     9973     5154      402       52696     88671  1097371   215285    11702    22060      692        1      512        0 
    5180    73311      868    70466        0   118355      286     2713        0     1185      158       28       52769     91876  1097422   214415     2758     2813      132        0       71      286 
    4574    72341     1052    70744        0   117525      185    13711        4     3442     2153      582       52960     91177  1099918   216334     6901     9519       38        0      142        0 
    4220    79586     1054    73428        0   108002      593     1460        0      930        0        0       53005    101063  1099584   216361      334        0       43        0       80        0 
    5019    76491      993    75085        0   108437        0     3074        1     1754     2681      519       52933     99636  1101203   216577      920     2566        0        1       63        0 
    9580    73672     4820    68256        0   108768        0     3918        0     1365     5888        4       55651     91097  1109521   217529     2026    10357     4401       15      160        0 
    8165    74210     4821    68880        0   109093        7     2182        0     1181        0        0       55651     92260  1108846   217497      665        0        0        0       96        0 
